0 0 0 0 79 0 0 0 0 0 0 0 0 45 0 87
0 0 0 0 0 0 0 0 0 0 23 0 0 0 0 0
0 0 0 0 0 28 0 0 0 45 0 0 0 0 0 0
0 0 0 0 0 0 0 0 0 0 57 0 0 0 0 0
79 0 0 0 0 0 0 0 0 0 0 0 0 0 0 0
0 0 28 0 0 0 0 0 0 34 0 0 0 0 0 0
0 0 0 0 0 0 0 0 0 0 0 0 0 0 0 0
0 0 0 0 0 0 0 0 0 0 0 0 0 0 0 0
0 0 0 0 0 0 0 0 0 0 0 86 0 0 0 0
0 0 45 0 0 34 0 0 0 0 0 0 0 0 0 0
0 23 0 57 0 0 0 0 0 0 0 0 0 0 0 0
0 0 0 0 0 0 0 0 86 0 0 0 0 0 0 0
0 0 0 0 0 0 0 0 0 0 0 0 0 0 0 0
45 0 0 0 0 0 0 0 0 0 0 0 0 0 0 0
0 0 0 0 0 0 0 0 0 0 0 0 0 0 0 0
87 0 0 0 0 0 0 0 0 0 0 0 0 0 0 0