0 0 0 0 0 0 0 38 0 0 0 0 0 0 0 0
0 0 0 0 65 0 64 0 6 0 0 0 0 0 0 0
0 0 0 0 0 0 0 0 0 0 6 8 0 0 0 62
0 0 0 0 0 0 0 0 0 0 0 0 0 0 0 0
0 65 0 0 0 0 0 0 0 6 0 0 0 0 55 0
0 0 0 0 0 0 0 0 0 0 0 0 0 0 0 0
0 64 0 0 0 0 0 53 0 0 36 0 45 0 0 0
38 0 0 0 0 0 53 0 0 0 0 91 0 29 0 0
0 6 0 0 0 0 0 0 0 0 0 95 55 0 0 0
0 0 0 0 6 0 0 0 0 0 0 0 0 0 0 0
0 0 6 0 0 0 36 0 0 0 0 0 0 0 0 0
0 0 8 0 0 0 0 91 95 0 0 0 60 0 0 0
0 0 0 0 0 0 45 0 55 0 0 60 0 0 0 0
0 0 0 0 0 0 0 29 0 0 0 0 0 0 0 0
0 0 0 0 55 0 0 0 0 0 0 0 0 0 0 0
0 0 62 0 0 0 0 0 0 0 0 0 0 0 0 0