0 0 0 0 0 0 0 0 79 0 0 0 16 86 0 0
0 0 0 29 0 0 0 0 0 0 0 0 0 0 0 0
0 0 0 0 0 0 0 0 0 0 0 0 0 0 0 41
0 29 0 0 0 0 0 0 0 0 0 0 0 91 0 0
0 0 0 0 0 0 0 0 0 0 0 0 0 0 0 0
0 0 0 0 0 0 0 0 84 0 0 0 0 0 0 0
0 0 0 0 0 0 0 0 0 10 0 0 0 19 0 0
0 0 0 0 0 0 0 0 0 81 58 0 0 0 0 0
79 0 0 0 0 84 0 0 0 55 0 0 11 0 0 0
0 0 0 0 0 0 10 81 55 0 0 43 0 15 35 0
0 0 0 0 0 0 0 58 0 0 0 0 0 0 0 0
0 0 0 0 0 0 0 0 0 43 0 0 0 53 0 0
16 0 0 0 0 0 0 0 11 0 0 0 0 0 0 65
86 0 0 91 0 0 19 0 0 15 0 53 0 0 0 35
0 0 0 0 0 0 0 0 0 35 0 0 0 0 0 0
0 0 41 0 0 0 0 0 0 0 0 0 65 35 0 0