0 0 0 0 0 0 0 43 23 0 0 32 0 0 0 0
0 0 0 0 0 0 0 0 0 0 0 0 17 0 0 0
0 0 0 0 0 0 0 0 0 0 0 0 0 0 0 0
0 0 0 0 0 0 0 0 0 0 6 0 0 0 0 0
0 0 0 0 0 0 0 0 0 0 0 0 0 0 0 0
0 0 0 0 0 0 0 0 0 0 39 0 0 4 0 0
0 0 0 0 0 0 0 0 0 0 0 0 0 0 81 0
43 0 0 0 0 0 0 0 0 0 0 0 0 0 40 0
23 0 0 0 0 0 0 0 0 0 100 0 0 0 0 0
0 0 0 0 0 0 0 0 0 0 0 32 0 0 0 0
0 0 0 6 0 39 0 0 100 0 0 0 0 65 0 60
32 0 0 0 0 0 0 0 0 32 0 0 0 70 0 0
0 17 0 0 0 0 0 0 0 0 0 0 0 0 0 0
0 0 0 0 0 4 0 0 0 0 65 70 0 0 0 0
0 0 0 0 0 0 81 40 0 0 0 0 0 0 0 0
0 0 0 0 0 0 0 0 0 0 60 0 0 0 0 0