0 0 0 5 30 0 0 0 0 0 0 0 0 0 0 0
0 0 0 0 0 0 0 45 0 0 0 33 0 0 0 0
0 0 0 0 0 0 0 100 0 0 0 0 0 0 0 0
5 0 0 0 0 0 0 0 0 0 0 0 0 0 0 0
30 0 0 0 0 0 100 0 0 0 0 0 0 0 0 0
0 0 0 0 0 0 0 0 0 78 0 33 0 19 0 0
0 0 0 0 100 0 0 0 28 0 0 0 0 0 0 0
0 45 100 0 0 0 0 0 3 0 0 0 0 0 12 0
0 0 0 0 0 0 28 3 0 0 9 97 0 45 0 0
0 0 0 0 0 78 0 0 0 0 0 0 51 0 0 0
0 0 0 0 0 0 0 0 9 0 0 0 0 0 0 99
0 33 0 0 0 33 0 0 97 0 0 0 81 0 0 4
0 0 0 0 0 0 0 0 0 51 0 81 0 0 0 0
0 0 0 0 0 19 0 0 45 0 0 0 0 0 0 0
0 0 0 0 0 0 0 12 0 0 0 0 0 0 0 0
0 0 0 0 0 0 0 0 0 0 99 4 0 0 0 0